 1000 0 0.00032862501654527999 0.12620899999999999 2.6196379210291978 2.34375 3.6423280239105225 1.5578269958496094 5.466336727142334 1.116943359375 0.090909599999999993 0.936029
 1025 0 0.00028512359063552001 0.121654 3.0909782202335805 2.7421875 4.2615237236022949 1.822657585144043 6.3956141471862793 1.30682373046875 0.12433900000000001 0.826102
 1050 0 0.00024805150662656004 0.118502 3.5315519411282472 3.15625 4.9175825119018555 2.0978736877441406 7.4404559135437012 1.504150390625 0.11239300000000001 0.73143800000000003
 1075 0 0.00021270013227008 0.127723 4.1930185670288296 3.75 5.8576202392578125 2.492523193359375 8.8470354080200195 1.787109375 0.10265199999999999 0.62599700000000003
 1100 0 0.0001824857868288 0.134099 4.9507874984718079 4.484375 7.004737377166748 2.9694204330444336 10.579580307006836 2.11956787109375 0.090865600000000005 0.53261199999999997
 1125 0 0.00015856103710720001 0.13375500000000001 5.6482560443578542 5.21875 8.1518545150756836 3.4687614440917969 12.312124252319336 2.487060546875 0.063161300000000004 0.461142
 1150 0 0.00013740848529408001 0.12060700000000001 6.7404536095010332 6.125 9.5918607711791992 4.0711212158203125 14.461411476135254 2.9189453125 0.097312700000000002 0.39659299999999997
 1175 0 0.00011812656500736 0.13974400000000001 8.0619938596293661 7.3125 11.422359466552734 4.8421211242675781 17.336202621459961 3.456298828125 0.091487700000000005 0.33388800000000002
 1200 0 0.00010153543708672 0.162604 9.4927928776749244 8.8125 13.800534248352051 5.8353767395019531 20.90826416015625 4.165283203125 0.061849500000000002 0.276783
 1225 0 9.0202428825600004e-05 0.137575 11.18470020723473 10.28125 16.100624084472656 6.8079395294189453 24.511436462402344 4.8594970703125 0.067072800000000002 0.23680699999999999
 1250 0 8.1565300776960002e-05 0.119271 12.610156115435359 11.625 18.251298904418945 7.6977310180664062 27.735694885253906 5.49462890625 0.071909200000000006 0.210647
 127 0 2.5785883934720002 0.039392099999999999 949.50544382482428 861 1732.7236328125 127.35800170898438 2611.257568359375 33.6328125 1.50837 1.1658299999999999
 1275 0 6.4585461391360006e-05 0.13806099999999999 16.80564346880427 15.1875 23.783899307250977 10.056713104248047 36.208381652832031 7.178466796875 0.10739600000000001 0.161248
 1300 0 5.4529841766399998e-05 0.122224 20.408979376431237 18.875 29.558591842651367 12.498466491699219 44.999721527099609 8.92138671875 0.077609600000000001 0.12961700000000001
 1325 0 4.6222066974719999e-05 0.13853299999999999 24.707508707423635 23.0625 36.116291046142578 15.271305084228516 54.983100891113281 10.900634765625 0.055924000000000001 0.105809
 1350 0 3.770908237824e-05 0.17768100000000001 33.014469367636238 29.875 46.7847900390625 19.782341003417969 71.224723815917969 14.12060546875 0.104117 0.080812200000000001
 1375 0 3.3061775638528002e-05 0.138992 38.419566694034202 34.9375 54.852020263671875 23.134578704833984 83.356201171875 16.513427734375 0.103631 0.069225099999999998
 1400 0 2.6465721970687998e-05 0.118718 47.477474639259555 44.75 70.079307556152344 29.632125854492188 106.68807220458984 21.1513671875 0.035974100000000002 0.053897599999999997
 1425 0 2.3636200992768001e-05 0.13943900000000001 55.989208007004812 51.625 80.845680236816406 34.184547424316406 123.07870483398438 24.40087890625 0.050656300000000001 0.046467799999999997
 1450 0 2.3640237350912003e-05 0.19888700000000001 58.040664412737911 54.5 85.565223693847656 36.088287353515625 130.02970886230469 25.759765625 0.037121599999999998 0.044274099999999997
 1475 0 1.6891853561856e-05 0.139874 87.582808806994208 81.25 127.56283569335938 53.801345825195312 193.85162353515625 38.4033203125 0.053712099999999999 0.029578199999999999
 150 0 1.2998803091456002 0.041361200000000001 25.698584361491449 29.5 59.367420196533203 13.42120361328125 89.468177795410156 7.60546875 0.23827499999999999 0.31053799999999998
 175 0 0.76926202429439994 0.044298999999999998 0.67794942569765748 0.62890625 1.0300017595291138 0.40748012065887451 1.6711280345916748 0.2874298095703125 -0.1153 2.5611799999999998
 200 0 0.45302862725120002 0.047436199999999998 0.61299121947482871 0.3515625 0.54494786262512207 0.23684978485107422 0.82747179269790649 0.1702880859375 0.63463800000000004 4.6587899999999998
 225 0 0.29190568988672 0.0504217 0.32092188159488394 0.2216796875 0.33743453025817871 0.15044289827346802 0.50181978940963745 0.10910797119140625 0.75508900000000001 5.5918999999999999
 250 0 0.19581899710464001 0.053273099999999997 0.21840739576932311 0.15283203125 0.23019979894161224 0.10432577133178711 0.33739194273948669 0.075222015380859375 0.920103 6.37026
 275 0 0.13571219730431999 0.056023200000000002 0.18997978964226955 0.1240234375 0.18581877648830414 0.084475070238113403 0.27101525664329529 0.061527252197265625 1.0640400000000001 7.4315699999999998
 300 0 0.096619899084800009 0.058686700000000001 0.18948647706538196 0.11962890625 0.17923465371131897 0.081952810287475586 0.25852891802787781 0.059347152709960938 1.2229300000000001 7.9863499999999998
 325 0 0.070334388633600003 0.061355399999999997 0.2101263288172725 0.1064453125 0.15948225557804108 0.072661399841308594 0.23067939281463623 0.05239105224609375 1.5812900000000001 8.8239800000000006
 350 0 0.05218129186816 0.0640598 0.22793648925700127 0.10693359375 0.15978758037090302 0.073255777359008789 0.23020407557487488 0.053049087524414062 1.72028 9.0244499999999999
 375 0 0.03934804729856 0.066891999999999993 0.24017311117760481 0.11181640625 0.16663812100887299 0.076873779296875 0.239105224609375 0.055908203125 1.84091 8.8513599999999997
 400 0 0.030097155379200002 0.0697517 0.25020560739062248 0.1171875 0.17324122786521912 0.080852508544921875 0.24691392481327057 0.059051513671875 2.1896499999999999 8.6988199999999996
 425 0 0.023301081509888001 0.072353100000000004 0.25334993861757754 0.1220703125 0.17997303605079651 0.084519386291503906 0.25616422295570374 0.06198883056640625 2.2493500000000002 8.7353699999999996
 450 0 0.018238301233152 0.074832499999999996 0.27524212877198967 0.13720703125 0.20174278318881989 0.095334768295288086 0.28675785660743713 0.070211410522460938 2.11694 7.8922499999999998
 475 0 0.014405355188223999 0.077514600000000003 0.29494998389036425 0.15087890625 0.22124385833740234 0.10520267486572266 0.31311154365539551 0.07779693603515625 2.1093099999999998 7.4876300000000002
 500 0 0.011477740531711999 0.080257200000000001 0.31536556615847133 0.16650390625 0.24282845854759216 0.11672753095626831 0.34369403123855591 0.08585357666015625 1.9071499999999999 7.0173300000000003
 525 0 0.0092214502481920008 0.082580299999999995 0.35091034880769201 0.1865234375 0.27202484011650085 0.13051176071166992 0.38617095351219177 0.096904754638671875 1.75837 6.4662300000000004
 550 0 0.0074576974151680008 0.084927799999999998 0.38068891913986724 0.2060546875 0.30050912499427795 0.14367485046386719 0.42660769820213318 0.1062469482421875 1.43597 6.02041
 575 0 0.0060735996805120008 0.087561 0.43323082157402965 0.2333984375 0.34224778413772583 0.16274070739746094 0.49010217189788818 0.1203460693359375 1.31701 5.4991899999999996
 600 0 0.0049751336427520006 0.090069300000000005 0.47865140602574546 0.26171875 0.38481897115707397 0.18184852600097656 0.5501941442489624 0.1339263916015625 1.04766 5.1348399999999996
 625 0 0.0040913068851200001 0.091958999999999999 0.50850066424354434 0.2880859375 0.42703300714492798 0.19946575164794922 0.61469858884811401 0.14629364013671875 0.63835399999999998 4.6943999999999999
 650 0 0.0033797071200256002 0.094064999999999996 0.56781842389564186 0.32421875 0.4831777811050415 0.22369194030761719 0.69722825288772583 0.1633758544921875 0.60160899999999995 4.2721200000000001
 675 0 0.0028093256196096003 0.095743599999999998 0.58231876422128015 0.365234375 0.54575854539871216 0.2510986328125 0.79068082571029663 0.1826171875 0.42661199999999999 3.88992
 700 0 0.0023403448979456001 0.098289399999999999 0.62287843603110626 0.412109375 0.61744505167007446 0.28171539306640625 0.90053880214691162 0.2060546875 0.34581299999999998 3.5329899999999999
 725 0 0.001961720936448 0.099991499999999997 0.71978226029741865 0.482421875 0.72663706541061401 0.32858806848526001 1.0592105388641357 0.23932647705078125 0.34272000000000002 3.1605799999999999
 750 0 0.001652905619456 0.101211 0.71692855310459946 0.529296875 0.80146110057830811 0.35920727252960205 1.1770796775817871 0.2605133056640625 0.249804 2.8957299999999999
 775 0 0.0013899351904256001 0.104646 0.79419215129437581 0.607421875 0.92460036277770996 0.41072529554367065 1.3606166839599609 0.29659271240234375 0.23371800000000001 2.5870199999999999
 800 0 0.0011740816109568001 0.10761800000000001 0.91457886466486471 0.703125 1.0730795860290527 0.47543764114379883 1.5847887992858887 0.34332275390625 0.24105799999999999 2.3193899999999998
 825 0 0.00099508099891199996 0.108353 1.0606147443396305 0.8125 1.2432417869567871 0.54738616943359375 1.8425836563110352 0.3935546875 0.23816499999999999 2.0743999999999998
 850 0 0.000845362638848 0.110016 1.1418371503889082 0.9296875 1.4299670457839966 0.62259101867675781 2.1230480670928955 0.4503173828125 0.198495 1.8626199999999999
 875 0 0.00072477728727039998 0.112636 1.3172749089094422 1.08984375 1.676305890083313 0.73154032230377197 2.4887833595275879 0.5236358642578125 0.184942 1.66865
 900 0 0.00061263097692160001 0.1134 1.4406782397960878 1.25 1.9276273250579834 0.8339691162109375 2.878983736038208 0.6005859375 0.130661 1.5095400000000001
 925 0 0.00052728065761280002 0.116949 1.7337595486896515 1.4765625 2.2828953266143799 0.98512601852416992 3.4123177528381348 0.709442138671875 0.16869300000000001 1.3405800000000001
 950 0 0.00045007767633920004 0.11702700000000001 1.9395833714704676 1.6796875 2.6036398410797119 1.1233115196228027 3.9143507480621338 0.80047607421875 0.13782700000000001 1.21767
 975 0 0.00038319963135999995 0.121244 2.3415675197848618 2.03125 3.148587703704834 1.3501167297363281 4.7336335182189941 0.968017578125 0.153393 1.0544199999999999
