 127 0 0.49089238015999997 0.039527699999999999 4990.5314293166593 4000 8049.8193359375 657.2265625 12131.2783203125 179.6875 1.50837 0.29665999999999998
 150 0 0.24256816496639999 0.042149600000000002 137.45076256066849 157.5 316.96163940429688 71.65557861328125 477.6690673828125 40.60546875 0.23808199999999999 0.052468599999999997
 150 25 0.24256816496639999 0.042149600000000002 319.27586998164861 303.5 610.780029296875 154.28781127929688 920.46075439453125 91.287109375 0.78403599999999996 0.094403399999999998
 175 0 0.14214052163584001 0.045327899999999997 3.6619692782743285 3.40625 5.5786433219909668 2.1983451843261719 9.0510787963867188 1.54345703125 -0.11528099999999999 0.71431500000000003
 175 25 0.14214052163584001 0.045327899999999997 7.9639229737538262 6.40625 12.381577491760254 3.7188625335693359 19.425010681152344 2.452392578125 0.689554 0.58314699999999997
 175 50 0.14214052163584001 0.045327899999999997 327.33731558293329 113.75 228.916748046875 55.941200256347656 344.98321533203125 32.4365234375 0.87791600000000003 0.059907099999999998
 200 0 0.082834548858880003 0.047925000000000002 3.4044090087927081 1.921875 2.9790482521057129 1.2947788238525391 4.5235123634338379 0.930908203125 0.63471900000000003 1.2232799999999999
 200 25 0.082834548858880003 0.047925000000000002 2.6932896519133469 2.109375 3.3201355934143066 1.4020442962646484 5.1331233978271484 1.0052490234375 0.52448700000000004 1.10484
 200 50 0.082834548858880003 0.047925000000000002 9.4688949322953899 4.984375 7.9645648002624512 3.2673454284667969 12.572062492370605 2.33642578125 2.1217999999999999 2.0495399999999999
 200 75 0.082834548858880003 0.047925000000000002 36.039179653976177 31.25 52.924106597900391 19.954681396484375 90.092788696289062 14.0380859375 0.35665599999999997 0.085672799999999993
 225 0 0.053010610831360001 0.050287600000000002 1.7639011396932389 1.21875 1.8551466464996338 0.82710456848144531 2.7589035034179688 0.599853515625 0.75507800000000003 1.75231
 225 100 0.053010610831360001 0.050287600000000002 18.545355185886372 18.375 32.291271209716797 11.320632934570312 55.691436767578125 7.751953125 -0.84133000000000002 0.163794
 225 50 0.053010610831360001 0.050287600000000002 2.8696281006821978 2.109375 3.2612791061401367 1.4210987091064453 4.9240055084228516 1.021728515625 0.56772 1.0719700000000001
 225 75 0.053010610831360001 0.050287600000000002 4.8220512253746017 4.203125 6.7162003517150879 2.7621488571166992 10.459373474121094 1.95379638671875 0.65842000000000001 0.65344599999999997
 250 0 0.035361210859520001 0.052616900000000001 1.210290080637179 0.84765625 1.2767630815505981 0.57526183128356934 1.8712856769561768 0.417205810546875 0.92018800000000001 2.39046
 250 100 0.035361210859520001 0.052616900000000001 9.9320286872060599 4.859375 7.4549117088317871 3.2737903594970703 11.172981262207031 2.353759765625 2.2564899999999999 0.50129500000000005
 250 125 0.035361210859520001 0.052616900000000001 24.600332025660933 17.75 28.362838745117188 11.7091064453125 44.770729064941406 8.3203125 0.51990099999999995 0.141929
 250 50 0.035361210859520001 0.052616900000000001 1.5632227032853954 1.19921875 1.811076283454895 0.81681406497955322 2.6715009212493896 0.5949249267578125 0.595468 1.76017
 250 75 0.035361210859520001 0.052616900000000001 3.9635437796924724 2.21875 3.4126944541931152 1.4947853088378906 5.1449155807495117 1.07470703125 1.7912399999999999 2.2714599999999998
 275 0 0.024391983616000004 0.054966599999999997 1.055163885321722 0.689453125 1.0357249975204468 0.46960157155990601 1.5081130266189575 0.34203338623046875 1.06403 2.8392900000000001
 275 100 0.024391983616000004 0.054966599999999997 5.8936212014429454 2.3828125 3.60805344581604 1.6170954704284668 5.3274497985839844 1.17279052734375 0.75224000000000002 0.95768200000000003
 275 125 0.024391983616000004 0.054966599999999997 12.294907808684327 6.28125 9.6362524032592773 4.2627696990966797 14.442246437072754 3.091552734375 1.35765 0.37707600000000002
 275 150 0.024391983616000004 0.054966599999999997 49.837011841851805 36.125 57.724369049072266 23.559303283691406 89.89617919921875 16.51025390625 0.56673899999999999 0.073669899999999996
 300 0 0.017298474246143999 0.057276199999999999 1.0565044454121169 0.66796875 1.0007877349853516 0.45759773254394531 1.4435410499572754 0.3313751220703125 1.22292 2.9842200000000001
 300 100 0.017298474246143999 0.057276199999999999 2.3074823279285468 1.484375 2.2239727973937988 1.01470947265625 3.2257580757141113 0.7421875 1.0521799999999999 1.4975099999999999
 300 125 0.017298474246143999 0.057276199999999999 4.4393045216656155 3.0546875 4.5645256042480469 2.1075553894042969 6.6314210891723633 1.539276123046875 0.817361 0.73861699999999997
 300 150 0.017298474246143999 0.057276199999999999 14.743761700915142 7.21875 11.045724868774414 4.881159782409668 16.498445510864258 3.5247802734375 2.2496399999999999 0.33407199999999998
 300 175 0.017298474246143999 0.057276199999999999 35.087560201892217 30.75 49.625904083251953 20.130889892578125 78.079574584960938 14.173828125 0.27577600000000002 0.085437399999999997
 300 50 0.017298474246143999 0.057276199999999999 1.2435994186969994 0.7109375 1.0679997205734253 0.48423504829406738 1.5508352518081665 0.352691650390625 1.3683799999999999 2.8622999999999998
 325 0 0.012540354211839999 0.059031699999999999 1.1788131526962293 0.59765625 0.89544165134429932 0.40797042846679688 1.2915893793106079 0.294158935546875 1.5812999999999999 3.3618000000000001
 325 150 0.012540354211839999 0.059031699999999999 5.9043224348056302 3.765625 5.6118478775024414 2.5888671875 8.1435441970825195 1.8828125 0.931562 0.60703700000000005
 325 175 0.012540354211839999 0.059031699999999999 11.247505912716921 9.0625 13.866927146911621 6.1278629302978516 20.765811920166016 4.425048828125 0.614981 0.265791
 325 200 0.012540354211839999 0.059031699999999999 79.60818791874712 34.875 54.197841644287109 23.323081970214844 82.149276733398438 16.6201171875 2.7297400000000001 0.075090799999999999
 350 0 0.0092695812751360015 0.0607766 1.2853700961938204 0.603515625 0.89940923452377319 0.4110676646232605 1.2941972017288208 0.29940032958984375 1.7202999999999999 3.3886799999999999
 350 100 0.0092695812751360015 0.0607766 1.5695907152909268 0.921875 1.3848787546157837 0.62563037872314453 2.0109732151031494 0.4537353515625 1.33127 2.33589
 350 150 0.0092695812751360015 0.0607766 2.9117086499364699 1.9609375 2.9379851818084717 1.340484619140625 4.249579906463623 0.98046875 1.0422899999999999 1.16408
 350 175 0.0092695812751360015 0.0607766 5.8682531081739056 3.609375 5.4365396499633789 2.4584240913391113 7.968055248260498 1.79058837890625 0.90540900000000002 0.64416300000000004
 350 200 0.0092695812751360015 0.0607766 25.973803368485822 13.8125 20.804765701293945 9.3738517761230469 30.658071517944336 6.79833984375 2.11443 0.17511499999999999
 350 225 0.0092695812751360015 0.0607766 77.592068934389246 55.25 84.540435791015625 37.358833312988281 126.599853515625 26.9775390625 0.97283600000000003 0.0432682
 350 50 0.0092695812751360015 0.0607766 1.4109314057726858 0.673828125 1.0095665454864502 0.45996665954589844 1.4602639675140381 0.3316497802734375 1.71187 3.1155900000000001
 375 0 0.0069679413207039999 0.062503100000000006 1.3531279611640155 0.6328125 0.94306987524032593 0.43505859375 1.3531893491744995 0.31640625 1.8409199999999999 3.3222499999999999
 375 200 0.0069679413207039999 0.062503100000000006 7.6124882557240694 4.484375 6.6651139259338379 3.0939559936523438 9.5788640975952148 2.25970458984375 1.07609 0.50590000000000002
 375 225 0.0069679413207039999 0.062503100000000006 26.800254903952219 13.125 19.821552276611328 8.9072799682617188 29.160102844238281 6.4599609375 1.0682799999999999 0.17860799999999999
 375 250 0.0069679413207039999 0.062503100000000006 134.30988429726341 64.5 98.951370239257812 43.613479614257812 147.9228515625 31.494140625 2.9095 0.0377445
 400 0 0.0053147982684159994 0.064208500000000002 1.4144912094968423 0.6640625 0.9790533185005188 0.45816421508789062 1.3975969552993774 0.334625244140625 2.1896399999999998 3.2539099999999999
 400 100 0.0053147982684159994 0.064208500000000002 1.7900994491696427 0.8203125 1.2192281484603882 0.56396484375 1.7422685623168945 0.41015625 1.96014 2.6755599999999999
 400 150 0.0053147982684159994 0.064208500000000002 2.7084370085637972 1.2421875 1.8512111902236938 0.85097122192382812 2.6562607288360596 0.616241455078125 1.8635600000000001 1.82718
 400 200 0.0053147982684159994 0.064208500000000002 5.511965803050801 2.9453125 4.401090145111084 2.02490234375 6.3405981063842773 1.47265625 1.33206 0.79760699999999995
 400 225 0.0053147982684159994 0.064208500000000002 10.364384919376805 6.40625 9.4960556030273438 4.435577392578125 13.669228553771973 3.253173828125 0.96743800000000002 0.34670600000000001
 400 250 0.0053147982684159994 0.064208500000000002 41.274759485210346 20 30.044828414916992 13.75 43.868301391601562 10 1.5360100000000001 0.115081
 400 275 0.0053147982684159994 0.064208500000000002 67.631161285827716 63.5 97.67034912109375 42.84234619140625 146.873291015625 31.25390625 -0.32438699999999998 0.036635300000000003
 400 50 0.0053147982684159994 0.064208500000000002 1.4918111126450726 0.716796875 1.0568016767501831 0.49629783630371094 1.508582592010498 0.3639984130859375 1.7922499999999999 2.9744600000000001
 425 0 0.0041030089318400001 0.065780099999999994 1.4361932567762998 0.69140625 1.0193672180175781 0.47871780395507812 1.455145001411438 0.351104736328125 2.2493400000000001 3.1806100000000002
 425 250 0.0041030089318400001 0.065780099999999994 14.5211917413096 7.625 11.30262279510498 5.26080322265625 16.223295211791992 3.84228515625 1.2992900000000001 0.30001299999999997
 425 275 0.0041030089318400001 0.065780099999999994 43.056469542608681 23.375 34.649024963378906 16.1844482421875 49.591400146484375 11.8701171875 0.86047600000000002 0.095166200000000006
 425 300 0.0041030089318400001 0.065780099999999994 147.79853814355261 78.75 117.6737060546875 54.525146484375 171.43414306640625 39.990234375 2.0266199999999999 0.025416500000000002
 450 0 0.0032020089966591997 0.067454399999999998 1.5680412867353404 0.78125 1.1487133502960205 0.5428314208984375 1.6327849626541138 0.3997802734375 2.1169600000000002 2.85738
 450 100 0.0032020089966591997 0.067454399999999998 1.8643293154511367 0.90234375 1.3303606510162354 0.62476730346679688 1.8990875482559204 0.458221435546875 2.11172 2.5279099999999999
 450 150 0.0032020089966591997 0.067454399999999998 2.43035362210323 1.140625 1.6862145662307739 0.7841796875 2.4172194004058838 0.5703125 2.08066 2.01389
 450 200 0.0032020089966591997 0.067454399999999998 3.545889260548944 1.7578125 2.6196384429931641 1.20849609375 3.758859395980835 0.87890625 1.5911 1.31219
 450 250 0.0032020089966591997 0.067454399999999998 6.5630244424019271 4.1875 6.2071781158447266 2.87890625 8.8840208053588867 2.09375 1.15831 0.55435999999999996
 450 275 0.0032020089966591997 0.067454399999999998 13.882270364689603 9.21875 13.554817199707031 6.382904052734375 19.379972457885742 4.681396484375 0.97820499999999999 0.23999300000000001
 450 300 0.0032020089966591997 0.067454399999999998 53.970444931032524 27.9375 41.523429870605469 19.275238037109375 60.015293121337891 14.077880859375 0.96981700000000004 0.082018199999999999
 450 325 0.0032020089966591997 0.067454399999999998 138.55354410251476 107.75 161.00752258300781 74.189926147460938 234.56544494628906 54.716796875 0.70910200000000001 0.022460399999999998
 450 50 0.0032020089966591997 0.067454399999999998 1.6502164991294501 0.81640625 1.200405478477478 0.56725883483886719 1.7062603235244751 0.4177703857421875 2.3697300000000001 2.8126199999999999
 475 0 0.0025221709606912 0.068603300000000006 1.6843076629683154 0.86328125 1.2624460458755493 0.60193634033203125 1.789414644241333 0.44512939453125 2.1093299999999999 2.63198
 475 300 0.0025221709606912 0.068603300000000006 15.796323293896274 11 16.305423736572266 7.6162109375 23.337129592895508 5.5859375 1.02017 0.20752599999999999
 475 325 0.0025221709606912 0.068603300000000006 95.66281496351624 37.875 57.048362731933594 25.797489166259766 83.839881896972656 18.78955078125 0.93302200000000002 0.060861600000000002
 475 350 0.0025221709606912 0.068603300000000006 173.84815229121568 140.5 213.30506896972656 96.044921875 316.0941162109375 70.25 0.44903199999999999 0.014918499999999999
 500 0 0.0020037872504832001 0.069990899999999995 1.8063517153050725 0.953125 1.3900326490402222 0.66818809509277344 1.9674215316772461 0.491455078125 1.9072 2.3618899999999998
 500 100 0.0020037872504832001 0.069990899999999995 2.044365380485397 1.05078125 1.5408309698104858 0.73664999008178711 2.1806344985961914 0.54180908203125 1.9877899999999999 2.1828400000000001
 500 150 0.0020037872504832001 0.069990899999999995 2.4551461438067634 1.22265625 1.7977364063262939 0.85124754905700684 2.5553085803985596 0.620880126953125 2.1084999999999998 1.9223300000000001
 500 200 0.0020037872504832001 0.069990899999999995 3.2336191418876137 1.5703125 2.3089137077331543 1.0872573852539062 3.2915310859680176 0.79742431640625 2.0854400000000002 1.46529
 500 250 0.0020037872504832001 0.069990899999999995 4.8527183111474947 2.390625 3.5627083778381348 1.6435546875 5.1120486259460449 1.1953125 1.6746099999999999 0.98787100000000005
 500 300 0.0020037872504832001 0.069990899999999995 10.78467907598411 6.34375 9.403411865234375 4.3365478515625 13.45862865447998 3.171875 1.2817400000000001 0.374222
 500 325 0.0020037872504832001 0.069990899999999995 23.323401575621038 14.25 20.83892822265625 9.93603515625 29.537485122680664 7.34765625 1.11195 0.153276
 500 350 0.0020037872504832001 0.069990899999999995 90.332818769223167 45.875 67.269584655761719 32.073860168457031 95.76641845703125 23.654296875 1.7156 0.045592599999999997
 500 375 0.0020037872504832001 0.069990899999999995 227.55995389467139 131 200.97099304199219 88.90313720703125 301.9744873046875 64.4765625 2.6736200000000001 0.016076099999999999
 500 50 0.0020037872504832001 0.069990899999999995 1.8642876586536421 0.9765625 1.4242137670516968 0.6809234619140625 2.0218374729156494 0.5035400390625 1.83832 2.30789
 525 0 0.0016051646607360001 0.071316599999999994 2.0130844722314349 1.07421875 1.5666351318359375 0.74901580810546875 2.2240211963653564 0.55389404296875 1.7583500000000001 2.0945399999999998
 525 350 0.0016051646607360001 0.071316599999999994 32.203553442336002 18 26.753349304199219 12.4189453125 38.448959350585938 9.0703125 1.1791100000000001 0.126972
 525 375 0.0016051646607360001 0.071316599999999994 74.84699787741161 57.25 85.09051513671875 39.638916015625 122.98435211181641 29.072265625 0.77994600000000003 0.039996400000000001
 525 400 0.0016051646607360001 0.071316599999999994 377.19889175331343 193.75 290.2869873046875 134.149169921875 428.05126953125 98.388671875 1.31656 0.012497899999999999
 550 0 0.0012945855569920001 0.072283399999999998 2.1931171849683517 1.18359375 1.7355828285217285 0.82816886901855469 2.4562537670135498 0.6149139404296875 1.43594 1.83087
 550 100 0.0012945855569920001 0.072283399999999998 2.3907579935351695 1.27734375 1.8628716468811035 0.89548158645629883 2.6445634365081787 0.65863037109375 1.73481 1.76207
 550 150 0.0012945855569920001 0.072283399999999998 2.6977582733595846 1.42578125 2.0850353240966797 0.99954366683959961 2.9553680419921875 0.73516845703125 1.7514000000000001 1.57992
 550 200 0.0012945855569920001 0.072283399999999998 3.2787886673402902 1.6796875 2.4563429355621338 1.1775445938110352 3.4816663265228271 0.8660888671875 2.0687899999999999 1.36554
 550 250 0.0012945855569920001 0.072283399999999998 4.5471975481834059 2.2265625 3.2649579048156738 1.5470695495605469 4.6343693733215332 1.139373779296875 2.2818999999999998 1.0303199999999999
 550 300 0.0012945855569920001 0.072283399999999998 7.5876296269636514 3.5 5.2020401954650879 2.40625 7.4761867523193359 1.75 1.9286399999999999 0.68125000000000002
 550 350 0.0012945855569920001 0.072283399999999998 18.106675503563352 9.03125 13.387123107910156 6.208984375 19.160314559936523 4.515625 1.59805 0.26109900000000003
 550 375 0.0012945855569920001 0.072283399999999998 29.689118642072057 20.625 30.326032638549805 14.33074951171875 43.105522155761719 10.55419921875 0.92727000000000004 0.10695399999999999
 550 400 0.0012945855569920001 0.072283399999999998 168.05933671115716 72.75 108.99807739257812 50.015625 159.41122436523438 36.375 0.95995200000000003 0.0308119
 550 425 0.0012945855569920001 0.072283399999999998 558.39044139771136 313 462.71575927734375 218.244140625 670.9532470703125 161.390625 1.90944 0.0081553400000000005
 550 50 0.0012945855569920001 0.072283399999999998 2.2763138210874674 1.22265625 1.7879892587661743 0.85550117492675781 2.5418679714202881 0.6352081298828125 1.6028 1.8043499999999999
 575 0 0.0010509692956672 0.073943499999999995 2.5034878814600194 1.34765625 1.9815304279327393 0.93967437744140625 2.8248214721679688 0.69488525390625 1.3170299999999999 1.5835600000000001
 575 400 0.0010509692956672 0.073943499999999995 40.78880143025755 25.625 37.4735107421875 17.80487060546875 53.115653991699219 13.11279296875 1.1325499999999999 0.086540900000000004
 575 425 0.0010509692956672 0.073943499999999995 96.0025239463221 80 117.62824249267578 55.5859375 168.17874145507812 40.9375 0.55693000000000004 0.025367199999999999
 575 450 0.0010509692956672 0.073943499999999995 503.90348393151424 297 447.34954833984375 203.76150512695312 657.4375 149.66015625 0.325237 0.0083122999999999999
 600 0 0.00085820097126400004 0.075429099999999999 2.7748540864096833 1.515625 2.2345452308654785 1.0530929565429688 3.1898095607757568 0.77557373046875 1.0477300000000001 1.37903
 600 100 0.00085820097126400004 0.075429099999999999 2.9225723694633743 1.5859375 2.3255665302276611 1.1058197021484375 3.3107259273529053 0.8177490234375 1.3350500000000001 1.3446199999999999
 600 150 0.00085820097126400004 0.075429099999999999 3.2140228996278104 1.7265625 2.5317742824554443 1.2038726806640625 3.6149067878723145 0.8902587890625 1.3590500000000001 1.2355700000000001
 600 200 0.00085820097126400004 0.075429099999999999 3.5369599742335587 1.890625 2.7648141384124756 1.3228836059570312 3.9188990592956543 0.98223876953125 1.6411199999999999 1.1455299999999999
 600 250 0.00085820097126400004 0.075429099999999999 4.4851993413376334 2.328125 3.3953256607055664 1.6321315765380859 4.8200602531433105 1.200439453125 1.94197 0.94707300000000005
 600 300 0.00085820097126400004 0.075429099999999999 6.1796915546251627 3.0625 4.4907488822937012 2.12042236328125 6.3742904663085938 1.55517578125 2.1225800000000001 0.74016000000000004
 600 350 0.00085820097126400004 0.075429099999999999 11.059990728190288 5.171875 7.666327953338623 3.5556640625 10.909455299377441 2.5859375 1.85704 0.456978
 600 400 0.00085820097126400004 0.075429099999999999 21.367570386795773 12.375 18.244945526123047 8.53802490234375 26.04463005065918 6.23583984375 1.4265000000000001 0.18799299999999999
 600 425 0.00085820097126400004 0.075429099999999999 61.493383267981635 31 45.457378387451172 21.53955078125 64.714088439941406 15.86328125 1.2527600000000001 0.070758299999999996
 600 450 0.00085820097126400004 0.075429099999999999 132.45178486028783 105.25 152.65699768066406 74.292984008789062 215.4293212890625 55.091796875 0.56441699999999995 0.017863
 600 475 0.00085820097126400004 0.075429099999999999 730.47525602696498 415 621.7760009765625 287.3388671875 899.35333251953125 210.7421875 2.7396600000000002 0.0065786200000000003
 600 50 0.00085820097126400004 0.075429099999999999 2.731935346694037 1.5 2.2115087509155273 1.042236328125 3.1661036014556885 0.767578125 0.87266200000000005 1.38043
 625 0 0.00070468368588800004 0.076314199999999999 2.9468051359365743 1.671875 2.4782390594482422 1.1575775146484375 3.5673353672027588 0.8489990234375 0.63831300000000002 1.2270700000000001
 625 450 0.00070468368588800004 0.076314199999999999 67.687446814582614 35.8125 52.514266967773438 25.02000617980957 74.760429382324219 18.325927734375 1.35944 0.060391800000000002
 625 475 0.00070468368588800004 0.076314199999999999 282.51712610635531 127.75 186.81916809082031 89.867103576660156 265.58868408203125 66.3701171875 0.74261299999999997 0.0188346
 625 500 0.00070468368588800004 0.076314199999999999 934.71595648199798 457 691.98919677734375 310.14300537109375 1013.5765380859375 224.9296875 2.2347299999999999 0.0056267599999999997
 650 0 0.0005814323027968 0.0775695 3.3068384704611367 1.8828125 2.8059239387512207 1.2990303039550781 4.0489640235900879 0.948760986328125 0.60157799999999995 1.1013900000000001
 650 100 0.0005814323027968 0.0775695 3.5176381148854778 1.96875 2.9261476993560791 1.363128662109375 4.205355167388916 0.999755859375 0.666736 1.05847
 650 150 0.0005814323027968 0.0775695 3.7785894104620827 2.125 3.1499111652374268 1.47650146484375 4.5083088874816895 1.08740234375 0.70552700000000002 0.98050499999999996
 650 200 0.0005814323027968 0.0775695 4.1167011212006752 2.25 3.3082942962646484 1.56884765625 4.7300271987915039 1.16015625 0.99275400000000003 0.93162900000000004
 650 250 0.0005814323027968 0.0775695 4.943545336285414 2.6484375 3.8730247020721436 1.8566865921020508 5.5060272216796875 1.3656005859375 1.71685 0.81232300000000002
 650 300 0.0005814323027968 0.0775695 6.2248322583171376 3.265625 4.762570858001709 2.277008056640625 6.761023998260498 1.683837890625 1.9471400000000001 0.66623399999999999
 650 350 0.0005814323027968 0.0775695 8.4678505263500128 4.234375 6.2091479301452637 2.9421463012695312 8.8394746780395508 2.16680908203125 2.0532900000000001 0.53068899999999997
 650 400 0.0005814323027968 0.0775695 14.864086592573567 7.0625 10.412519454956055 4.88995361328125 14.777420043945312 3.58642578125 1.8375300000000001 0.32613999999999999
 650 450 0.0005814323027968 0.0775695 30.420303396841774 19.1875 28.135917663574219 13.28509521484375 39.936882019042969 9.74365234375 1.28898 0.11849999999999999
 650 475 0.0005814323027968 0.0775695 67.474249556313438 44.5 65.60809326171875 30.81103515625 93.655441284179688 22.59765625 1.07823 0.0495868
 650 50 0.0005814323027968 0.0775695 3.3399043860184814 1.8828125 2.7909140586853027 1.3036270141601562 4.0174198150634766 0.95611572265625 0.63525100000000001 1.09832
 650 500 0.0005814323027968 0.0775695 165.72393685842644 136.5 199.07090759277344 95.510009765625 282.60433959960938 70.916015625 0.45133800000000002 0.0148676
 650 525 0.0005814323027968 0.0775695 397.11218065822919 377 566.34503173828125 260.10791015625 831.44915771484375 189.97265625 -0.16345000000000001 0.00631389
 675 0 0.00048161554022399999 0.078290700000000005 3.3969892167941529 2.1328125 3.1784946918487549 1.457977294921875 4.6124224662780762 1.06640625 0.42668899999999998 0.98753599999999997
 675 500 0.00048161554022399999 0.078290700000000005 81.538404166678745 54.5 79.699760437011719 38.075820922851562 112.96792602539062 27.888671875 1.00553 0.041179800000000003
 675 525 0.00048161554022399999 0.078290700000000005 303.39192175291993 178.75 260.68807983398438 125.40811157226562 367.86721801757812 92.8662109375 0.90550900000000001 0.0112099
 675 550 0.00048161554022399999 0.078290700000000005 1180.8043864856174 540.5 827.04266357421875 365.47418212890625 1228.932861328125 263.916015625 1.24464 0.0047367599999999996
 700 0 0.00040062720122880003 0.079638799999999996 3.6398163805253874 2.40625 3.6147682666778564 1.6448974609375 5.2489805221557617 1.203125 0.34578100000000001 0.88557300000000005
 700 100 0.00040062720122880003 0.079638799999999996 4.0876441312195588 2.4921875 3.7339332103729248 1.71337890625 5.4158778190612793 1.24609375 0.45361899999999999 0.85599499999999995
 700 150 0.00040062720122880003 0.079638799999999996 3.9446265459588026 2.546875 3.8057172298431396 1.7509765625 5.5136246681213379 1.2734375 0.35678100000000001 0.83409599999999995
 700 200 0.00040062720122880003 0.079638799999999996 4.7357444736274497 2.765625 4.1105408668518066 1.9148712158203125 5.9243168830871582 1.4044189453125 0.57238299999999998 0.76842600000000005
 700 250 0.00040062720122880003 0.079638799999999996 5.7222885735385889 3.125 4.6073098182678223 2.17132568359375 6.6151719093322754 1.59912109375 0.88136000000000003 0.68034799999999995
 700 300 0.00040062720122880003 0.079638799999999996 6.3752350653357333 3.484375 5.1232614517211914 2.4427204132080078 7.3035964965820312 1.796630859375 0.92431600000000003 0.60159399999999996
 700 350 0.00040062720122880003 0.079638799999999996 8.3448140508615545 4.453125 6.4944148063659668 3.1158828735351562 9.164525032043457 2.31353759765625 1.7563599999999999 0.479273
 700 400 0.00040062720122880003 0.079638799999999996 11.652406038831423 5.84375 8.5457887649536133 4.0603790283203125 12.112960815429688 2.9903564453125 2.0383599999999999 0.38006699999999999
 700 450 0.00040062720122880003 0.079638799999999996 20.063846597674338 9.46875 13.960147857666016 6.5924091339111328 19.812206268310547 4.808349609375 2.1856399999999998 0.24077200000000001
 700 50 0.00040062720122880003 0.079638799999999996 3.6103662856522156 2.453125 3.6754076480865479 1.67694091796875 5.345771312713623 1.2265625 0.32358100000000001 0.87184799999999996
 700 500 0.00040062720122880003 0.079638799999999996 49.284205857375071 25.75 37.758949279785156 17.8917236328125 53.437702178955078 13.1767578125 1.5791900000000001 0.086769299999999994
 700 525 0.00040062720122880003 0.079638799999999996 86.806681757734609 65 95.313858032226562 45.322265625 135.29106140136719 33.515625 0.73129299999999997 0.034180700000000001
 700 550 0.00040062720122880003 0.079638799999999996 237.41826455969249 199.5 292.54022216796875 139.1044921875 416.46649169921875 102.8671875 0.51958300000000002 0.0125982
 700 575 0.00040062720122880003 0.079638799999999996 1564.9649115920197 861 1235.086181640625 600.345703125 1732.1337890625 443.953125 1.8508100000000001 0.0032380899999999999
 725 0 0.00033457338736639998 0.080929100000000004 4.2107532186983585 2.8203125 4.2592740058898926 1.9209764003753662 6.2153620719909668 1.399139404296875 0.34265200000000001 0.77382300000000004
 725 550 0.00033457338736639998 0.080929100000000004 147.61976738515966 77.25 112.6610107421875 54.156097412109375 158.98039245605469 39.83203125 1.4220999999999999 0.025795100000000001
 725 575 0.00033457338736639998 0.080929100000000004 395.42682275486925 233 336.09103393554688 164.46807861328125 472.8419189453125 121.9609375 0.84001000000000003 0.0104463
 725 600 0.00033457338736639998 0.080929100000000004 960.34208459066031 763 1076.2591552734375 553.435791015625 1508.713134765625 405.34375 -0.059490899999999999 0.0033997300000000001
 750 0 0.00028029488521216003 0.081878999999999993 4.2197603010051772 3.125 4.7194170951843262 2.1207809448242188 6.9428815841674805 1.5380859375 0.24959700000000001 0.71098300000000003
 750 100 0.00028029488521216003 0.081878999999999993 4.5611412364680657 3.25 4.9081935882568359 2.2056121826171875 7.1817326545715332 1.599609375 0.26399400000000001 0.68156499999999998
 750 150 0.00028029488521216003 0.081878999999999993 4.6894699410218319 3.3125 4.9893784523010254 2.2562160491943359 7.2928166389465332 1.643310546875 0.28175299999999998 0.66665099999999999
 750 200 0.00028029488521216003 0.081878999999999993 5.6474923242569117 3.5 5.2438936233520508 2.40625 7.6270880699157715 1.75 0.439803 0.62659399999999998
 750 250 0.00028029488521216003 0.081878999999999993 5.9901640848843423 3.6875 5.4954195022583008 2.5298671722412109 7.9522562026977539 1.858154296875 0.42569099999999999 0.58991700000000002
 750 300 0.00028029488521216003 0.081878999999999993 7.2602739823586075 4.078125 6.0287947654724121 2.8236236572265625 8.6921701431274414 2.0709228515625 0.69338500000000003 0.52868300000000001
 750 350 0.00028029488521216003 0.081878999999999993 8.5085140450053487 4.609375 6.7774085998535156 3.213958740234375 9.6899862289428711 2.376708984375 1.19939 0.462032
 750 400 0.00028029488521216003 0.081878999999999993 11.097077447276618 5.90625 8.6136445999145508 4.1326446533203125 12.228072166442871 3.0684814453125 1.7047399999999999 0.35789700000000002
 750 450 0.00028029488521216003 0.081878999999999993 15.469815610432713 7.96875 11.621584892272949 5.5757904052734375 16.399675369262695 4.1400146484375 2.0409000000000002 0.27110699999999999
 750 50 0.00028029488521216003 0.081878999999999993 4.4761236997915645 3.171875 4.802851676940918 2.152592658996582 7.0348753929138184 1.5611572265625 0.26739499999999999 0.69845500000000005
 750 500 0.00028029488521216003 0.081878999999999993 27.69250908398962 13.25 19.482177734375 9.174072265625 27.773317337036133 6.728515625 2.0441799999999999 0.17214699999999999
 750 550 0.00028029488521216003 0.081878999999999993 76.050661111274621 36.9375 54.311164855957031 25.57489013671875 77.198074340820312 18.75732421875 1.77607 0.061277199999999997
 750 575 0.00028029488521216003 0.081878999999999993 143.92306424883003 94.5 137.06495666503906 66.477035522460938 192.83876037597656 49.095703125 1.1223399999999999 0.020721400000000001
 750 600 0.00028029488521216003 0.081878999999999993 592.98265084279319 308 444.27484130859375 218.1510009765625 625.04425048828125 162.421875 0.84888399999999997 0.0080155599999999997
 750 625 0.00028029488521216003 0.081878999999999993 827.89786269298952 754 1135.6954345703125 517.29351806640625 1673.570068359375 379.9453125 -0.13709499999999999 0.0031250000000000002
 775 0 0.00023573179535359999 0.084135199999999993 4.6861170558374372 3.578125 5.4465203285217285 2.4194493293762207 8.0149507522583008 1.74713134765625 0.23386399999999999 0.63188699999999998
 775 600 0.00023573179535359999 0.084135199999999993 157.72567459869293 105.25 153.49606323242188 73.38720703125 216.60433959960938 54.26953125 0.87705 0.022882300000000001
 775 625 0.00023573179535359999 0.084135199999999993 530.78042866718738 357 514.95489501953125 251.99615478515625 722.25408935546875 186.8671875 0.78438300000000005 0.0069616299999999999
 775 650 0.00023573179535359999 0.084135199999999993 2393.9773060345287 1292 1899.6961669921875 883.203125 2731.93896484375 646 0.66569599999999995 0.0020644000000000001
 800 0 0.00019883676839936001 0.086252700000000002 5.3936521705536542 4.15625 6.3265256881713867 2.8000907897949219 9.3592557907104492 2.01318359375 0.24099300000000001 0.55447199999999996
 800 100 0.00019883676839936001 0.086252700000000002 5.6601408624347211 4.203125 6.3978776931762695 2.8420605659484863 9.414942741394043 2.05230712890625 0.26666800000000002 0.54405000000000003
 800 150 0.00019883676839936001 0.086252700000000002 5.6988735296540129 4.1875 6.3740935325622559 2.8314952850341797 9.3799428939819336 2.044677734375 0.28497699999999998 0.54695099999999996
 800 200 0.00019883676839936001 0.086252700000000002 5.8511234928013112 4.34375 6.5773043632507324 2.9478855133056641 9.6598711013793945 2.137939453125 0.25034899999999999 0.52183299999999999
 800 250 0.00019883676839936001 0.086252700000000002 6.8652199563829246 4.5625 6.8721628189086914 3.1076183319091797 10.072174072265625 2.263427734375 0.35458600000000001 0.49412600000000001
 800 300 0.00019883676839936001 0.086252700000000002 7.7854933186819117 4.84375 7.2571744918823242 3.330078125 10.526157379150391 2.421875 0.41531200000000001 0.45737299999999997
 800 350 0.00019883676839936001 0.086252700000000002 9.1457272675832524 5.359375 7.9656243324279785 3.6976547241210938 11.48045539855957 2.70062255859375 0.54771099999999995 0.40690100000000001
 800 400 0.00019883676839936001 0.086252700000000002 11.369765690702234 6.28125 9.2606925964355469 4.37969970703125 13.29649543762207 3.23876953125 0.75778699999999999 0.33427800000000002
 800 450 0.00019883676839936001 0.086252700000000002 14.670794407988632 7.875 11.516250610351562 5.51019287109375 16.323347091674805 4.09130859375 1.50203 0.26669199999999998
 800 50 0.00019883676839936001 0.086252700000000002 5.4934275888237059 4.09375 6.2477078437805176 2.7681035995483398 9.2269926071166992 1.9989013671875 0.23686299999999999 0.55501599999999995
 800 500 0.00019883676839936001 0.086252700000000002 20.829979175984324 10.625 15.537797927856445 7.408447265625 22.023565292358398 5.478515625 1.96122 0.205403
 800 550 0.00019883676839936001 0.086252700000000002 37.664578936467059 18 26.39460563659668 12.462890625 37.575923919677734 9.140625 2.0154700000000001 0.12561700000000001
 800 600 0.00019883676839936001 0.086252700000000002 87.306377842390134 52.75 76.930335998535156 36.78076171875 108.55942535400391 27.19921875 1.38141 0.042807400000000002
 800 625 0.00019883676839936001 0.086252700000000002 199.48295616554591 125 182.29936218261719 87.6312255859375 257.24981689453125 64.453125 1.2634300000000001 0.019302400000000001
 800 650 0.00019883676839936001 0.086252700000000002 619.03036209050185 491 700.41473388671875 350.13418579101562 969.7900390625 262.76171875 0.58875100000000002 0.0051618599999999999
 800 675 0.00019883676839936001 0.086252700000000002 1899.6573012793067 1622 2294.397705078125 1157.0015869140625 3118.731201171875 849.015625 -0.085455199999999995 0.00180938
