 1000 1 0.38500000000000001 0.1161038961038961 0.013426126710960454 0.01123046875 0.018751010298728943 0.0078744888305664062 0.028856737539172173 0.0052642822265625 0.165132 3.38497
 1100 1 0.191 0.12303664921465969 0.025811462045721864 0.02392578125 0.038803376257419586 0.015339136123657227 0.060288265347480774 0.01084136962890625 0.086824499999999999 3.0607199999999999
 1200 1 0.098500000000000004 0.12994923857868021 0.056404553912098525 0.05078125 0.081953354179859161 0.033244609832763672 0.12781012058258057 0.023406982421875 0.11854199999999999 3.8712399999999998
 1300 1 0.052200000000000003 0.13716475095785438 0.11552800439940089 0.10498046875 0.17109662294387817 0.068284720182418823 0.26483744382858276 0.048389434814453125 0.130081 13.4763
 1400 1 0.028400000000000002 0.14436619718309859 0.27556609386874598 0.2392578125 0.38612636923789978 0.15562564134597778 0.58617812395095825 0.11028289794921875 0.23614499999999999 2.5607600000000001
 1500 1 0.015699999999999999 0.15159235668789811 0.58145126774433042 0.505859375 0.81638145446777344 0.32775574922561646 1.2506271600723267 0.23119354248046875 0.19179499999999999 2.1255000000000002
 1600 1 0.0088699999999999994 0.15896279594137544 1.2024248724706814 1.0859375 1.7438837289810181 0.70634984970092773 2.5839014053344727 0.50054931640625 0.170793 1.57237
 1700 1 0.0050699999999999999 0.16725838264299803 2.3986425465419425 2.265625 3.6925036907196045 1.4679408073425293 5.6656093597412109 1.03546142578125 0.034438799999999999 0.97320799999999996
 1800 1 0.0029299999999999999 0.17576791808873723 5.6027470233451417 5.03125 8.1196861267089844 3.2470970153808594 12.21430778503418 2.27978515625 0.14252500000000001 0.50519700000000001
 1900 1 0.0017099999999999999 0.18421052631578949 11.935340235660982 10.53125 16.995864868164062 6.8233938217163086 25.566595077514648 4.8131103515625 0.175979 0.24415200000000001
 2000 1 0.00101 0.19405940594059404 23.812834990960607 23.25 36.687946319580078 15.279098510742188 53.959617614746094 10.8076171875 0.028258499999999999 0.105979
 2100 1 0.00059800000000000001 0.20568561872909699 52.694600040702966 49.25 75.359573364257812 32.159492492675781 107.62002563476562 22.8935546875 0.088839899999999999 0.049243700000000001
 2200 1 0.00035599999999999998 0.21825842696629216 115.92610359750648 97.25 156.94697570800781 62.803829193115234 236.09269714355469 44.4462890625 0.14321200000000001 0.026360399999999999
 2300 1 0.000213 0.23333333333333334 248.15140849242866 197 307.72030639648438 128.13897705078125 446.5562744140625 90.8046875 0.25718200000000002 0.011488399999999999
 2400 1 0.00012799999999999999 0.25156249999999997 456.72847435651352 422 664.223876953125 274.4906005859375 951.9698486328125 194.515625 0.15395400000000001 0.0053473699999999997
 2500 1 7.6799999999999997e-05 0.27473958333333337 1018.9890660493882 826 1296.8233642578125 544.8857421875 1880.555419921875 387.1875 0.12737999999999999 0.0026090100000000001
